Network Configuration:
hidden_sizes: [202]
n_colors: 2
p: 2.848654740531294
delta: 0.4735287774202731
k: 4
allow_pathway_interaction: True
signific_p_multiplier: 3.890304084698597

Training Configuration:
n_epochs: 25
batch_size: 72
eval_batch_size: 1000
learning_rate: 0.010164946715927848
train_ratio: 0.8
save_dir: results
